0 -(17009174/359223093405)*lambda-8574896338309/1894542594617970
1 -(17009174/359223093405)*lambda-2262812346277/1291733587239525
2 -22367417939/25472182986900
3 0
4 0
5 0
6 -346164728/10885548285
7 18529025389/105252366367665
8 0
9 0
10 0
11 0
12 0
13 61516/44796495
14 0
15 0
16 0
17 0
18 0
19 0
20 0
21 0
22 0
23 0
24 0
25 -(1591013560451/1182627468)*lambda^2-(5263755384265/197104578)*lambda-167868331623451/1478284335
26 4257492449/2956568670
27 -1112548511/131403052
28 0
29 0
30 (11137094923157/851491776960)*lambda^3+(8599130849827/26609118030)*lambda^2+(499413274573409/212872944240)*lambda+256255745564783/53218236060
31 -(81344684981/141915296160)*lambda-22431169/985522890
32 0
33 0
34 0
35 0
36 -(1591013560451/212872944240)*lambda^2-(2472034210331/14191529616)*lambda-183268309498139/212872944240
37 0
38 -461027764/1478284335
39 0
40 359068457/358371960
41 0
42 0
43 0
44 0
45 0
46 -(227287651493/2956568670)*lambda-921731281433/1971045780
47 0
48 -1235897849/2956568670
49 0
50 0
51 0
52 0
53 13591715063/3942091560
54 0
55 0
56 0
57 0
58 0
59 0
60 0
61 0
62 0
63 0
64 0
65 -(81344684981/788418312)*lambda-73482381491/394209156
66 -30077321149/492761445
67 -30106359683/1971045780
68 0
69 180416807/98552289
70 1
71 0
72 1
73 0
