0 -224318948/4188435
1 -9923084424631/27769324050
2 48776239457/326697930
3 0
4 0
5 0
6 0
7 115501547/14240679
8 0
9 0
10 0
11 0
12 0
13 275943/16201
14 0
15 0
16 -123161/48603
17 0
18 0
19 0
20 0
21 0
22 0
23 0
24 0
25 -(26898991/388824)*lambda-18080653/194412
26 -42593467/583236
27 -5655488/48603
28 0
29 0
30 0
31 -(12789/152480)*lambda^2+(149737/114360)*lambda+464743343/5832360
32 0
33 0
34 0
35 0
36 0
37 0
38 7436251/583236
39 0
40 0
41 0
42 0
43 0
44 0
45 0
46 -(1827/19060)*lambda+23797/9530
47 0
48 6057445/583236
49 0
50 -(190901893/15552960)*lambda^2-(15233127/648040)*lambda+3900964813/34994160
51 0
52 0
53 123569/145809
54 0
55 0
56 0
57 0
58 0
59 0
60 0
61 -4002445/291618
62 0
63 -101329/145809
64 0
65 -11659499/97206
66 -87/953
67 -2273719/145809
68 0
69 4413512/145809
70 -56849/145809
71 -75841/16201
72 1
73 0
